1911191119111911191119111911191119111911191119111911191119111911191119111911191119111911191119111911
1919191919191919191919191919191919191919191919191919191919191919191919191919191919191919191919191919
1919191919191919191919191919191919191919191919191919191919191919191919191919191919191919191919191919
1919191919191919191919191919191919191919191919191919191919191919191919191919191919191919191919191919
1919191919191919191919191919191919191919191919191919191919191919191919191919191919191919191919191919
1919191919191919191919191919191919191919191919191919191919191919191919191919191919191919191919191919
1919191919191919191919191919191919191919191919191919191919191919191919191919191919191919191919191919
1919191919191919191919191919191919191919191919191919191919191919191919191919191919191919191919191919
1919191919191919191919191919191919191919191919191919191919191919191919191919191919191919191919191919
1919191919191919191919191919191919191919191919191919191919191919191919191919191919191919191919191919
1919191919191919191919191919191919191919191919191919191919191919191919191919191919191919191919191919
1919191919191919191919191919191919191919191919191919191919191919191919191919191919191919191919191919
1919191919191919191919191919191919191919191919191919191919191919191919191919191919191919191919191919
1919191919191919191919191919191919191919191919191919191919191919191919191919191919191919191919191919
1919191919191919191919191919191919191919191919191919191919191919191919191919191919191919191919191919
1919191919191919191919191919191919191919191919191919191919191919191919191919191919191919191919191919
1919191919191919191919191919191919191919191919191919191919191919191919191919191919191919191919191919
1919191919191919191919191919191919191919191919191919191919191919191919191919191919191919191919191919
1919191919191919191919191919191919191919191919191919191919191919191919191919191919191919191919191919
1919191919191919191919191919191919191919191919191919191919191919191919191919191919191919191919191919
1919191919191919191919191919191919191919191919191919191919191919191919191919191919191919191919191919
1919191919191919191919191919191919191919191919191919191919191919191919191919191919191919191919191919
1919191919191919191919191919191919191919191919191919191919191919191919191919191919191919191919191919
1919191919191919191919191919191919191919191919191919191919191919191919191919191919191919191919191919
1919191919191919191919191919191919191919191919191919191919191919191919191919191919191919191919191919
1919191919191919191919191919191919191919191919191919191919191919191919191919191919191919191919191919
1919191919191919191919191919191919191919191919191919191919191919191919191919191919191919191919191919
1919191919191919191919191919191919191919191919191919191919191919191919191919191919191919191919191919
1919191919191919191919191919191919191919191919191919191919191919191919191919191919191919191919191919
1919191919191919191919191919191919191919191919191919191919191919191919191919191919191919191919191919
1919191919191919191919191919191919191919191919191919191919191919191919191919191919191919191919191919
1919191919191919191919191919191919191919191919191919191919191919191919191919191919191919191919191919
1919191919191919191919191919191919191919191919191919191919191919191919191919191919191919191919191919
1919191919191919191919191919191919191919191919191919191919191919191919191919191919191919191919191919
1919191919191919191919191919191919191919191919191919191919191919191919191919191919191919191919191919
1919191919191919191919191919191919191919191919191919191919191919191919191919191919191919191919191919
1919191919191919191919191919191919191919191919191919191919191919191919191919191919191919191919191919
1919191919191919191919191919191919191919191919191919191919191919191919191919191919191919191919191919
1919191919191919191919191919191919191919191919191919191919191919191919191919191919191919191919191919
1919191919191919191919191919191919191919191919191919191919191919191919191919191919191919191919191919
1919191919191919191919191919191919191919191919191919191919191919191919191919191919191919191919191919
1919191919191919191919191919191919191919191919191919191919191919191919191919191919191919191919191919
1919191919191919191919191919191919191919191919191919191919191919191919191919191919191919191919191919
1919191919191919191919191919191919191919191919191919191919191919191919191919191919191919191919191919
1919191919191919191919191919191919191919191919191919191919191919191919191919191919191919191919191919
1919191919191919191919191919191919191919191919191919191919191919191919191919191919191919191919191919
1919191919191919191919191919191919191919191919191919191919191919191919191919191919191919191919191919
1919191919191919191919191919191919191919191919191919191919191919191919191919191919191919191919191919
1919191919191919191919191919191919191919191919191919191919191919191919191919191919191919191919191919
1919191919191919191919191919191919191919191919191919191919191919191919191919191919191919191919191919
1919191919191919191919191919191919191919191919191919191919191919191919191919191919191919191919191919
1919191919191919191919191919191919191919191919191919191919191919191919191919191919191919191919191919
1919191919191919191919191919191919191919191919191919191919191919191919191919191919191919191919191919
1919191919191919191919191919191919191919191919191919191919191919191919191919191919191919191919191919
1919191919191919191919191919191919191919191919191919191919191919191919191919191919191919191919191919
1919191919191919191919191919191919191919191919191919191919191919191919191919191919191919191919191919
1919191919191919191919191919191919191919191919191919191919191919191919191919191919191919191919191919
1919191919191919191919191919191919191919191919191919191919191919191919191919191919191919191919191919
1919191919191919191919191919191919191919191919191919191919191919191919191919191919191919191919191919
1919191919191919191919191919191919191919191919191919191919191919191919191919191919191919191919191919
1919191919191919191919191919191919191919191919191919191919191919191919191919191919191919191919191919
1919191919191919191919191919191919191919191919191919191919191919191919191919191919191919191919191919
1919191919191919191919191919191919191919191919191919191919191919191919191919191919191919191919191919
1919191919191919191919191919191919191919191919191919191919191919191919191919191919191919191919191919
1919191919191919191919191919191919191919191919191919191919191919191919191919191919191919191919191919
1919191919191919191919191919191919191919191919191919191919191919191919191919191919191919191919191919
1919191919191919191919191919191919191919191919191919191919191919191919191919191919191919191919191919
1919191919191919191919191919191919191919191919191919191919191919191919191919191919191919191919191919
1919191919191919191919191919191919191919191919191919191919191919191919191919191919191919191919191919
1919191919191919191919191919191919191919191919191919191919191919191919191919191919191919191919191919
1919191919191919191919191919191919191919191919191919191919191919191919191919191919191919191919191919
1919191919191919191919191919191919191919191919191919191919191919191919191919191919191919191919191919
1919191919191919191919191919191919191919191919191919191919191919191919191919191919191919191919191919
1919191919191919191919191919191919191919191919191919191919191919191919191919191919191919191919191919
1919191919191919191919191919191919191919191919191919191919191919191919191919191919191919191919191919
1919191919191919191919191919191919191919191919191919191919191919191919191919191919191919191919191919
1919191919191919191919191919191919191919191919191919191919191919191919191919191919191919191919191919
1919191919191919191919191919191919191919191919191919191919191919191919191919191919191919191919191919
1919191919191919191919191919191919191919191919191919191919191919191919191919191919191919191919191919
1919191919191919191919191919191919191919191919191919191919191919191919191919191919191919191919191919
1919191919191919191919191919191919191919191919191919191919191919191919191919191919191919191919191919
1919191919191919191919191919191919191919191919191919191919191919191919191919191919191919191919191919
1919191919191919191919191919191919191919191919191919191919191919191919191919191919191919191919191919
1919191919191919191919191919191919191919191919191919191919191919191919191919191919191919191919191919
1919191919191919191919191919191919191919191919191919191919191919191919191919191919191919191919191919
1919191919191919191919191919191919191919191919191919191919191919191919191919191919191919191919191919
1919191919191919191919191919191919191919191919191919191919191919191919191919191919191919191919191919
1919191919191919191919191919191919191919191919191919191919191919191919191919191919191919191919191919
1919191919191919191919191919191919191919191919191919191919191919191919191919191919191919191919191919
1919191919191919191919191919191919191919191919191919191919191919191919191919191919191919191919191919
1919191919191919191919191919191919191919191919191919191919191919191919191919191919191919191919191919
1919191919191919191919191919191919191919191919191919191919191919191919191919191919191919191919191919
1919191919191919191919191919191919191919191919191919191919191919191919191919191919191919191919191919
1919191919191919191919191919191919191919191919191919191919191919191919191919191919191919191919191919
1919191919191919191919191919191919191919191919191919191919191919191919191919191919191919191919191919
1919191919191919191919191919191919191919191919191919191919191919191919191919191919191919191919191919
1919191919191919191919191919191919191919191919191919191919191919191919191919191919191919191919191919
1919191919191919191919191919191919191919191919191919191919191919191919191919191919191919191919191919
1919191919191919191919191919191919191919191919191919191919191919191919191919191919191919191919191919
1119111911191119111911191119111911191119111911191119111911191119111911191119111911191119111911191119
