1999999999999999999999999999999999999999999999991111111111111111111111111111111111111111111111111111
1999999999999999999999999999999999999999999999991999999999999999999999999999999999999999999999999991
1999999999999999999999999999999999999999999999991999999999999999999999999999999999999999999999999991
1999999999999999999999999999999999999999999999991999999999999999999999999999999999999999999999999991
1999999999999999999999999999999999999999999999991999999999999999999999999999999999999999999999999991
1999999999999999999999999999999999999999999999991999999999999999999999999999999999999999999999999991
1999999999999999999999999999999999999999999999991999999999999999999999999999999999999999999999999991
1999999999999999999999999999999999999999999999991999999999999999999999999999999999999999999999999991
1999999999999999999999999999999999999999999999991999999999999999999999999999999999999999999999999991
1999999999999999999999999999999999999999999999991999999999999999999999999999999999999999999999999991
1999999999999999999999999999999999999999999999991999999999999999999999999999999999999999999999999991
1999999999999999999999999999999999999999999999991999999999999999999999999999999999999999999999999991
1999999999999999999999999999999999999999999999991999999999999999999999999999999999999999999999999991
1999999999999999999999999999999999999999999999991999999999999999999999999999999999999999999999999991
1999999999999999999999999999999999999999999999991999999999999999999999999999999999999999999999999991
1999999999999999999999999999999999999999999999991999999999999999999999999999999999999999999999999991
1999999999999999999999999999999999999999999999991999999999999999999999999999999999999999999999999991
1999999999999999999999999999999999999999999999991999999999999999999999999999999999999999999999999991
1999999999999999999999999999999999999999999999991999999999999999999999999999999999999999999999999991
1999999999999999999999999999999999999999999999991999999999999999999999999999999999999999999999999991
1999999999999999999999999999999999999999999999991999999999999999999999999999999999999999999999999991
1999999999999999999999999999999999999999999999991999999999999999999999999999999999999999999999999991
1999999999999999999999999999999999999999999999991999999999999999999999999999999999999999999999999991
1999999999999999999999999999999999999999999999991999999999999999999999999999999999999999999999999991
1999999999999999999999999999999999999999999999991999999999999999999999999999999999999999999999999991
1999999999999999999999999999999999999999999999991999999999999999999999999999999999999999999999999991
1999999999999999999999999999999999999999999999991999999999999999999999999999999999999999999999999991
1999999999999999999999999999999999999999999999991999999999999999999999999999999999999999999999999991
1999999999999999999999999999999999999999999999991999999999999999999999999999999999999999999999999991
1999999999999999999999999999999999999999999999991999999999999999999999999999999999999999999999999991
1999999999999999999999999999999999999999999999991999999999999999999999999999999999999999999999999991
1999999999999999999999999999999999999999999999991999999999999999999999999999999999999999999999999991
1999999999999999999999999999999999999999999999991999999999999999999999999999999999999999999999999991
1999999999999999999999999999999999999999999999991999999999999999999999999999999999999999999999999991
1999999999999999999999999999999999999999999999991999999999999999999999999999999999999999999999999991
1999999999999999999999999999999999999999999999991999999999999999999999999999999999999999999999999991
1999999999999999999999999999999999999999999999991999999999999999999999999999999999999999999999999991
1999999999999999999999999999999999999999999999991999999999999999999999999999999999999999999999999991
1999999999999999999999999999999999999999999999991999999999999999999999999999999999999999999999999991
1999999999999999999999999999999999999999999999991999999999999999999999999999999999999999999999999991
1999999999999999999999999999999999999999999999991999999999999999999999999999999999999999999999999991
1999999999999999999999999999999999999999999999991999999999999999999999999999999999999999999999999991
1999999999999999999999999999999999999999999999991999999999999999999999999999999999999999999999999991
1999999999999999999999999999999999999999999999991999999999999999999999999999999999999999999999999991
1999999999999999999999999999999999999999999999991999999999999999999999999999999999999999999999999991
1999999999999999999999999999999999999999999999991999999999999999999999999999999999999999999999999991
1999999999999999999999999999999999999999999999991999999999999999999999999999999999999999999999999991
1999999999999999999999999999999999999999999999991999999999999999999999999999999999999999999999999991
1999999999999999999999999999999999999999999999991999999999999999999999999999999999999999999999999991
1999999999999999999999999999999999999999999999991999999999999999999999999999999999999999999999999991
1999999999999999999999999999999999999999999999991999999999999999999999999999999999999999999999999991
1999999999999999999999999999999999999999999999991999999999999999999999999999999999999999999999999991
1999999999999999999999999999999999999999999999991999999999999999999999999999999999999999999999999991
1999999999999999999999999999999999999999999999991999999999999999999999999999999999999999999999999991
1999999999999999999999999999999999999999999999991999999999999999999999999999999999999999999999999991
1999999999999999999999999999999999999999999999991999999999999999999999999999999999999999999999999991
1999999999999999999999999999999999999999999999991999999999999999999999999999999999999999999999999991
1999999999999999999999999999999999999999999999991999999999999999999999999999999999999999999999999991
1999999999999999999999999999999999999999999999991999999999999999999999999999999999999999999999999991
1999999999999999999999999999999999999999999999991999999999999999999999999999999999999999999999999991
1999999999999999999999999999999999999999999999991999999999999999999999999999999999999999999999999991
1999999999999999999999999999999999999999999999991999999999999999999999999999999999999999999999999991
1999999999999999999999999999999999999999999999991999999999999999999999999999999999999999999999999991
1999999999999999999999999999999999999999999999991999999999999999999999999999999999999999999999999991
1999999999999999999999999999999999999999999999991999999999999999999999999999999999999999999999999991
1999999999999999999999999999999999999999999999991999999999999999999999999999999999999999999999999991
1999999999999999999999999999999999999999999999991999999999999999999999999999999999999999999999999991
1999999999999999999999999999999999999999999999991999999999999999999999999999999999999999999999999991
1999999999999999999999999999999999999999999999991999999999999999999999999999999999999999999999999991
1999999999999999999999999999999999999999999999991999999999999999999999999999999999999999999999999991
1999999999999999999999999999999999999999999999991999999999999999999999999999999999999999999999999991
1999999999999999999999999999999999999999999999991999999999999999999999999999999999999999999999999991
1999999999999999999999999999999999999999999999991999999999999999999999999999999999999999999999999991
1999999999999999999999999999999999999999999999991999999999999999999999999999999999999999999999999991
1999999999999999999999999999999999999999999999991999999999999999999999999999999999999999999999999991
1999999999999999999999999999999999999999999999991999999999999999999999999999999999999999999999999991
1999999999999999999999999999999999999999999999991999999999999999999999999999999999999999999999999991
1999999999999999999999999999999999999999999999991999999999999999999999999999999999999999999999999991
1999999999999999999999999999999999999999999999991999999999999999999999999999999999999999999999999991
1999999999999999999999999999999999999999999999991999999999999999999999999999999999999999999999999991
1999999999999999999999999999999999999999999999991999999999999999999999999999999999999999999999999991
1999999999999999999999999999999999999999999999991999999999999999999999999999999999999999999999999991
1999999999999999999999999999999999999999999999991999999999999999999999999999999999999999999999999991
1999999999999999999999999999999999999999999999991999999999999999999999999999999999999999999999999991
1999999999999999999999999999999999999999999999991999999999999999999999999999999999999999999999999991
1999999999999999999999999999999999999999999999991999999999999999999999999999999999999999999999999991
1999999999999999999999999999999999999999999999991999999999999999999999999999999999999999999999999991
1999999999999999999999999999999999999999999999991999999999999999999999999999999999999999999999999991
1999999999999999999999999999999999999999999999991999999999999999999999999999999999999999999999999991
1999999999999999999999999999999999999999999999991999999999999999999999999999999999999999999999999991
1999999999999999999999999999999999999999999999991999999999999999999999999999999999999999999999999991
1999999999999999999999999999999999999999999999991999999999999999999999999999999999999999999999999991
1999999999999999999999999999999999999999999999991999999999999999999999999999999999999999999999999991
1999999999999999999999999999999999999999999999991999999999999999999999999999999999999999999999999991
1999999999999999999999999999999999999999999999991999999999999999999999999999999999999999999999999991
1999999999999999999999999999999999999999999999991999999999999999999999999999999999999999999999999991
1999999999999999999999999999999999999999999999991999999999999999999999999999999999999999999999999991
1999999999999999999999999999999999999999999999991999999999999999999999999999999999999999999999999991
1999999999999999999999999999999999999999999999991999999999999999999999999999999999999999999999999991
1111111111111111111111111111111111111111111111111999999999999999999999999999999999999999999999999991
